F 79 90 77 6
M 60 58 70 26
F 76 9 80 36
M 28 99 32 92
F 78 52 95 47
M 82 7 77 3
F 18 98 38 77
M 48 1 8 9
F 92 8 11 40
M 61 96 43 1
F 20 63 6 57
M 49 63 14 33
F 47 12 60 1
M 53 34 71 3
F 59 99 48 30
M 13 87 6 11
F 27 3 47 32
M 11 26 60 70
F 45 32 78 80
M 49 67 48 13
F 68 43 91 88
M 41 80 54 46
F 97 44 37 58
M 8 75 64 8
F 62 33 8 90
M 30 31 61 89
F 69 33 98 65
M 30 61 44 59
F 2 15 79 36
M 63 76 73 68
F 53 42 11 4
M 52 17 98 41
F 38 8 59 56
M 22 72 75 7
F 59 81 20 7
M 31 95 81 7
F 33 63 15 67
M 10 60 63 27
F 31 47 36 57
M 44 82 58 87
F 13 72 37 55
M 37 1 89 42
F 36 7 36 21
M 55 1 7 71
F 39 97 52 82
M 22 82 25 29
F 36 55 26 14
M 55 46 34 2
F 47 78 8 54
M 61 16 55 86
F 97 48 49 19
M 56 41 57 12
F 67 76 35 56
M 73 45 29 38
F 44 39 24 15
M 66 9 59 17
F 95 85 66 50
M 38 23 1 4
F 75 65 50 92
M 69 10 36 85
F 91 9 17 51
M 48 33 44 33
F 26 69 11 94
M 51 81 85 63
F 70 95 19 86
M 61 62 49 92
F 80 9 54 3
M 22 65 75 39
F 73 74 90 13
M 63 33 57 64
F 1 92 52 65
M 29 86 33 72
F 1 5 19 10
M 10 89 77 94
F 10 84 49 46
M 38 55 20 19
F 78 89 60 21
M 23 66 58 16
F 45 85 28 66
M 32 54 52 58
F 52 53 60 27
M 49 100 7 7
F 70 17 97 11
M 29 15 62 8
F 44 17 19 28
M 15 67 21 18
F 49 9 76 31
M 95 23 29 28
F 63 81 34 87
M 48 98 95 80
F 49 16 53 22
M 54 18 12 21
F 74 6 80 19
M 82 4 19 53
F 41 78 98 3
M 29 28 34 92
F 32 2 34 31
M 83 19 75 72
F 73 50 36 31
M 11 36 41 61
F 10 97 17 11
M 15 45 34 31
F 36 66 87 99
M 17 37 78 99
F 58 24 66 25
M 28 95 2 56
F 15 51 23 14
M 69 78 61 100
F 60 9 78 5
M 93 49 73 86
F 64 92 56 72
M 7 36 42 33
F 97 13 27 34
M 63 43 97 62
F 48 47 95 89
M 64 56 10 80
F 54 2 70 31
M 26 80 95 78
F 94 77 26 45
M 64 1 21 77
F 98 20 8 3
M 73 94 2 21
F 75 53 14 19
M 21 45 21 83
F 8 56 69 51
M 35 6 95 96
F 93 3 36 76
M 8 16 62 49
F 90 29 42 18
M 13 48 65 30
F 77 58 39 65
M 35 53 83 40
F 11 7 32 56
M 78 40 78 70
F 98 53 13 96
M 18 23 10 65
F 31 44 38 18
M 95 9 49 82
F 53 99 72 42
M 55 98 81 94
F 20 53 68 12
M 85 87 7 86
F 94 54 48 18
M 77 88 15 15
F 44 48 6 64
M 78 80 48 45
F 54 21 80 68
M 77 69 77 47
F 30 61 22 93
M 60 47 87 29
F 75 50 63 51
M 58 44 31 70
F 61 61 97 56
M 32 19 62 53
F 5 33 75 69
M 39 76 3 8
F 13 19 46 100
M 98 12 12 68
F 66 86 49 94
M 17 7 60 21
F 29 9 16 39
M 85 23 34 96
F 79 61 97 53
M 36 11 12 85
F 80 79 37 66
M 24 45 51 50
F 36 85 60 94
M 64 75 25 34
F 37 57 92 62
M 86 90 69 28
F 27 88 35 57
M 18 56 34 71
F 93 17 10 75
M 16 43 66 28
F 29 20 80 72
M 79 46 100 86
F 6 43 52 39
M 67 41 14 35
F 34 68 16 72
M 73 59 99 96
F 96 18 75 35
M 68 44 69 54
F 39 32 34 45
M 20 25 62 47
F 59 88 90 39
M 77 96 38 23
F 28 8 7 72
M 77 84 6 64
F 11 70 9 82
M 57 35 90 43
F 85 57 41 98
M 84 52 39 22
F 2 18 88 69
M 92 89 33 22
F 95 90 7 52
M 77 24 91 89
F 49 15 79 5
M 70 95 31 97
F 5 54 86 48
M 80 21 17 57
F 9 55 44 66
M 49 89 28 92
F 9 76 19 15
M 56 60 58 1
F 56 2 90 63
M 2 21 48 24
F 51 10 65 83
M 83 72 14 33
F 7 36 61 48
M 85 43 28 12
F 70 56 55 20
M 43 96 44 24
F 42 28 95 11
M 86 52 53 97
F 9 75 89 32
M 91 96 27 27
F 90 40 98 14
M 39 61 23 90
F 76 25 94 48
M 65 74 31 60
F 12 50 4 79
M 20 34 11 81
F 24 31 24 11
M 97 6 86 60
F 19 10 53 88
M 58 61 39 16
F 94 6 56 21
M 88 40 42 10
F 68 5 16 6
M 51 95 89 75
F 88 68 56 85
M 43 66 61 52
F 14 23 74 32
M 82 17 75 51
F 48 21 78 86
M 99 91 84 45
F 42 44 14 73
M 99 78 30 92
F 5 88 48 84
M 76 97 62 63
F 17 1 61 17
M 94 53 18 13
F 28 87 44 87
M 27 12 64 54
F 43 22 60 86
M 32 79 76 62
F 40 92 94 21
M 93 18 98 21
F 51 26 84 68
M 90 92 85 97
F 15 95 95 78
M 90 25 12 46
F 84 69 84 34
M 82 52 27 42
F 17 32 47 74
M 28 90 62 100
F 40 10 26 99
M 4 43 98 30
F 92 47 85 4
M 70 90 14 1
F 67 96 42 37
M 21 97 67 87
F 85 86 17 35
M 32 32 96 78
F 71 2 22 38
M 80 44 14 53
F 85 77 88 88
M 62 72 54 81
F 22 86 68 34
M 51 18 65 59
F 96 8 86 22
M 1 9 51 89
F 100 17 69 97
M 80 77 29 12
F 81 58 53 90
M 88 16 60 52
F 53 3 70 69
M 16 49 20 23
F 48 24 48 37
M 87 79 7 96
F 45 35 43 86
M 50 22 82 2
F 20 66 39 6
M 100 4 27 69
F 29 68 100 10
M 62 35 94 4
F 51 8 90 6
M 100 82 32 51
F 90 76 90 97
M 1 97 78 45
F 78 83 33 77
M 85 65 23 52
F 78 88 52 54
M 88 13 21 59
F 58 93 63 96
M 49 5 68 54
F 67 35 41 86
M 86 2 58 50
F 38 87 6 21
M 44 40 40 77