F 84 6 68 33
M 86 6 22 85
F 84 74 25 40
M 8 66 86 54
F 3 82 28 81
M 41 98 20 25
F 96 45 89 36
M 28 45 56 42
F 88 72 100 86
M 91 80 26 51
F 47 86 69 53
M 6 96 82 69
F 14 65 46 19
M 23 85 25 37
F 55 74 95 99
M 95 26 50 34
F 38 62 50 22
M 37 49 25 4
F 2 78 18 15
M 41 100 80 77
F 72 25 17 50
M 70 80 18 13
F 75 76 59 93
M 63 90 73 14
F 54 6 26 88
M 33 45 56 18
F 93 52 98 65
M 32 77 61 63
F 54 44 3 11
M 56 93 6 22
F 1 64 96 41
M 47 34 5 4
F 78 70 96 16
M 79 92 63 82
F 93 70 22 68
M 91 43 73 45
F 19 71 43 18
M 26 12 28 51
F 41 74 48 13
M 77 8 30 48
F 8 95 23 87
M 83 31 99 16
F 4 14 87 34
M 6 3 66 92
F 13 85 23 34
M 13 75 48 92
F 82 96 34 99
M 86 70 84 11
F 70 31 51 40
M 92 66 18 97
F 57 10 60 3
M 42 85 100 1
F 29 7 21 25
M 54 54 86 56
F 6 93 42 46
M 13 79 22 76
F 7 26 4 45
M 75 45 94 20
F 97 4 3 19
M 24 50 21 58
F 35 75 14 86
M 84 38 97 25
F 48 44 22 59
M 56 2 65 33
F 48 34 26 75
M 56 4 21 59
F 83 24 74 53
M 60 89 69 67
F 7 17 100 100
M 41 100 79 9
F 38 41 86 44
M 95 48 44 90
F 54 81 36 78
M 49 93 12 3
F 87 3 65 86
M 58 70 48 54
F 38 15 83 84
M 72 96 71 9
F 60 50 70 78
M 78 20 49 76
F 66 82 31 30
M 41 16 37 4
F 87 57 77 30
M 64 63 52 53
F 89 76 76 78
M 64 79 53 19
F 49 21 99 15
M 72 6 71 84
F 19 37 34 38
M 8 68 68 94
F 55 54 33 62
M 54 82 89 34
F 71 57 1 65
M 26 70 98 10
F 53 80 72 27
M 32 53 99 46
F 60 40 73 15
M 67 2 10 75
F 83 64 90 32
M 59 48 91 95
F 15 81 34 8
M 30 57 40 41
F 21 31 100 10
M 90 75 11 71
F 68 58 86 50
M 27 78 76 81
F 20 26 42 25
M 54 33 84 35
F 16 46 38 86
M 40 58 62 59
F 9 6 11 11
M 23 42 65 63
F 2 94 20 98
M 64 52 9 87
F 28 85 1 100
M 74 64 72 96
F 2 1 61 61
M 36 41 44 35
F 11 87 37 18
M 99 81 97 54
F 20 31 43 24
M 54 50 61 30
F 41 92 9 37
M 12 34 80 37
F 3 64 4 62
M 91 66 5 50
F 12 35 84 80
M 15 100 7 96
F 99 44 26 41
M 87 99 66 71
F 31 51 83 71
M 58 71 32 6
F 68 6 23 56
M 28 19 55 94
F 42 63 58 62
M 28 12 36 43
F 38 67 83 70
M 24 60 4 27
F 13 80 86 84
M 64 40 97 32
F 7 81 100 59
M 51 47 67 75
F 21 97 71 6
M 36 41 23 77
F 32 76 51 88
M 33 64 58 36
F 96 56 37 59
M 71 53 75 60
F 22 12 90 7
M 96 2 73 10
F 92 68 62 50
M 93 52 32 16
F 49 63 40 58
M 76 47 2 42
F 45 81 6 17
M 39 67 98 92
F 96 54 97 70
M 55 37 18 62
F 86 83 21 71
M 71 58 84 20
F 59 50 62 78
M 7 49 38 55
F 67 38 59 67
M 36 26 20 47
F 19 17 18 13
M 34 76 29 77
F 11 81 82 36
M 10 74 12 21
F 99 26 83 98
M 61 47 95 22
F 12 75 66 61
M 76 37 11 66
F 46 29 54 94
M 33 43 38 60
F 10 79 36 69
M 38 83 91 2
F 31 88 66 64
M 56 94 53 20
F 92 94 95 24
M 19 26 33 33
F 10 30 9 80
M 91 11 95 51
F 97 21 10 81
M 39 93 72 93
F 49 73 18 20
M 83 51 1 32
F 19 38 77 23
M 4 45 24 43
F 1 18 78 6
M 86 84 47 34
F 95 65 11 81
M 43 44 84 92
F 57 54 36 46
M 17 83 49 45
F 35 78 53 100
M 91 15 73 64
F 100 87 59 48
M 2 7 35 99
F 82 50 9 91
M 78 63 98 41
F 61 57 21 25
M 43 87 83 34
F 79 42 37 16
M 14 79 80 47
F 94 8 69 29
M 33 12 27 1
F 22 45 18 97
M 13 32 11 72
F 87 74 26 86
M 64 33 72 29
F 22 81 3 31
M 94 13 57 75
F 54 20 48 49
M 68 18 41 15
F 41 89 90 8
M 100 90 83 79
F 70 2 59 75
M 2 42 94 83
F 8 65 56 92
M 24 89 86 56
F 74 75 7 63
M 12 26 29 34
F 4 96 49 81
M 82 32 89 75
F 57 19 91 50
M 37 38 86 61
F 77 17 49 53
M 4 13 22 68
F 63 2 44 5
M 88 80 31 22
F 20 73 68 28
M 30 40 81 81
F 33 28 84 21
M 33 42 18 63
F 53 47 50 24
M 61 7 37 90
F 21 94 46 17
M 17 51 74 67
F 83 5 35 45
M 38 17 85 23
F 3 21 61 29
M 45 54 29 11
F 36 70 45 72
M 26 66 98 48
F 66 99 38 77
M 66 44 8 49
F 38 99 100 83
M 93 58 43 67
F 1 39 24 19
M 52 63 85 92
F 24 40 43 12
M 69 79 95 8
F 44 91 33 23
M 77 52 37 61
F 1 3 28 23
M 54 22 66 66
F 48 99 46 6
M 96 85 69 10
F 66 89 30 99
M 3 72 46 97
F 45 73 74 85
M 79 41 8 33
F 60 50 34 64
M 44 28 32 85
F 53 16 57 55
M 72 84 6 79
F 7 99 91 90
M 26 53 64 64
F 81 74 2 25
M 11 80 51 40
F 59 62 73 34
M 75 23 96 75
F 11 32 41 51
M 39 3 50 57
F 36 55 34 46
M 11 55 56 43
F 98 34 37 78
M 68 27 42 12
F 58 40 44 8
M 70 70 51 56
F 30 50 1 75
M 76 7 22 43
F 78 19 46 52
M 47 28 2 77
F 76 85 64 3
M 63 38 77 14
F 81 33 59 14
M 15 26 26 7
F 96 26 77 16
M 28 62 85 53
F 95 82 17 3
M 48 91 98 70
F 76 7 66 14
M 24 56 21 91
F 91 95 66 81
M 15 64 100 48
F 64 90 40 16
M 78 2 15 30
F 68 89 90 54
M 76 74 67 17